Iron88 experiment
c
c **********************************************************************************
c CELL CARDS 
c **********************************************************************************
c Armaduras de acero, planchas ( PX,PY,PZ)
1 6 -7.85 11 -120 -21 22 38 -39 imp:n=1
2 6 -7.85 11 -120 -21 22 310 -311 imp:n=1
3 6 -7.85 11 -120 -21 22 312 -313 imp:n=1
4 6 -7.85 11 -120 -21 22 314 -315 imp:n=1
5 6 -7.85 11 -120 -21 22 316 -317 imp:n=1
6 6 -7.85 11 -120 -21 22 318 -319 imp:n=1
7 6 -7.85 11 -120 -21 22 320 -321 imp:n=1
8 6 -7.85 11 -120 -21 22 322 -323 imp:n=1
9 6 -7.85 11 -120 -21 22 324 -325 imp:n=1
10 6 -7.85 11 -120 -21 22 326 -327 imp:n=1
11 6 -7.85 11 -120 -21 22 328 -329 imp:n=1
12 6 -7.85 11 -120 -21 22 330 -331 imp:n=1
13 6 -7.85 11 -120 -21 22 332 -333 imp:n=1
c
c Ventana de aluminio del reactor NESTOR
14 1 -7.835 11 -120 -21 22 341 -31 342 imp:n=1 $zona acero estructural
15 2 -2.700 11 -120 -21 22 341 -31 -342 imp:n=1 $zona aluminio 
c
c Bloque grafito
16 3 -1.65 11 -120 -21 22 32 -33 imp:n=1
c
c Aluminio placa fisión
17 5 -2.666 11 -120 -21 22 34 -344 imp:n=1 $zona aluminio delantera
18 4 -3.256 11 -120 -21 22 346 -347 -343 imp:n=1 $zona combustible aproximada circulo 60
36 5 -2.666 11 -120 -21 22 345 -346 imp:n=1 $1a Al blank
37 5 -2.666 11 -120 -21 22 347 -348 imp:n=1 $2a Al blank
38 5 -2.666 11 -120 -21 22 348 -36 imp:n=1 $zona aluminio trasera 
c
c Placas contiguas final 
19 6 -7.85 11 -120 -21 22 334 -338 imp:n=1
c
c Acero Inox 
20 7 -7.917 11 -120 -21 22 338 -339 imp:n=1
c
c Hormigón
21 8 -2.242 11 -120 -21 22 339 -340 imp:n=1
c
c Detectores
c
c A2
22 102 0.0341757 41 -38 -415 imp:n=1
c A3
23 101 0.0361182 42 -310 -416 imp:n=1
c A4
24 101 0.0361182 43 -312 -416 imp:n=1
c A5 
25 101 0.0361182 44 -314 -416 imp:n=1
c A6
26 101 0.0361182 45 -316 -416 imp:n=1
c A7
27 101 0.0361182 46 -318 -416 imp:n=1
c A8
28 101 0.0361182 47 -320 -416 imp:n=1
c A9
29 101 0.0361182 48 -322 -416 imp:n=1
c A10
30 101 0.0361182 49 -324 -416 imp:n=1
c A11
31 101 0.0361182 410 -326 -416 imp:n=1
c A12
32 101 0.0361182 411 -328 -416 imp:n=1
c A13
33 101 0.0361182 412 -330 -416 imp:n=1
c A14
34 101 0.0361182 413 -332 -416 imp:n=1
c A15
35 101 0.0361182 414 -334 -416 imp:n=1
c Void
998 0 -999 #1 #2 #3 #4 #5 #6 #7 #8 #9 #10 #11 #12 #13 #14 #15 #16 #17 #18 
          #19 #20 #21 #22 #23 #24 #25 #26 #27 #28 #29 #30 #31 #32 #33 #34 
          #35 #36 #37 #38               imp:n=1
c External void
999 0 999                      imp:n=0

c **********************************************************************************
c  SURFACE CARDS
c **********************************************************************************
c Planos en X definiendo los límites de la simulación y la división de la fuente 
11 PX -94
120 PX 88.9
c Planos en Y 
21 PY 95 
22 PY -95 $ limites superior e inferior de todos los elementos
c Planos en Z que marcan los grosores de las distintas placas y slabs de la geometría 
341 PZ -19.8 $inicio ventana NESTOR 
342 CZ 56.1  $ventana aluminio NESTOR 
31 PZ -16.62
32 PZ -16.1
33 PZ -1.1
34 PZ 0
343 CZ 60 $radio combustible  
344 PZ 1.2 $final Al cover plate delantera
345 PZ 1.3 $hueco aire de 1 mm 
346 PZ 1.4 $fin primer Al blank 
347 PZ 1.6 $fin combustible 
348 PZ 1.7 $fin 2a Al blank 
36 PZ 2.9 $fin fission plate
38 PZ 3.64 $inicio blindajes
39 PZ 8.74 $fin slab1
310 PZ 9.48
311 PZ 14.6 $fin slab2
312 PZ 15.34
313 PZ 20.46 $fin slab3
314 PZ 21.2
315 PZ 26.3 $fin slab4
316 PZ 27.04
317 PZ 32.24 $fin slab5
318 PZ 32.98
319 PZ 38.13 $fin slab6
320 PZ 38.87
321 PZ 44.07 $fin slab7
322 PZ 44.81
323 PZ 50.01 $fin slab8
324 PZ 50.75
325 PZ 56 $fin slab9
326 PZ 56.74 
327 PZ 61.92 $fin slab10
328 PZ 62.66
329 PZ 67.73 $fin slab11
330 PZ 68.47
331 PZ 73.59 $fin slab12
332 PZ 74.33
333 PZ 79.51 $fin slab13
334 PZ 80.25 $inicio placas contiguas 
338 PZ 100.27 $fin placas contiguas / inicio inox 
339 PZ 122.68 $inicio hormigon 
340 PZ 222.68 $ fin hormigon
c Detectores (planos con inicio detectores, pegados a la parte anterior de las slab)
41 PZ 3.399 $A2
42 PZ 8.920 $A3
43 PZ 14.78 $A4
44 PZ 20.64 $A5
45 PZ 26.48 $A6
46 PZ 32.42 $A7
47 PZ 38.31 $A8
48 PZ 44.25 $A9
49 PZ 50.19 $A10
410 PZ 56.18 $A11
411 PZ 62.10 $A12
412 PZ 67.91 $A13
413 PZ 73.77 $A14
414 PZ 79.69 $A15
415 CZ 1.905 $radio cilindro detectores S comprimido (m102)
416 CZ 2.55 $radio cilindro detectores S m101
c Outer void
999 SZ 75 200

c **********************************************************************************
c DATA CARDS 
c **********************************************************************************
c
c ----------------------------------------------------------------------------------
c NEUTRON SOURCE
c ----------------------------------------------------------------------------------
sdef erg=d1 vec=0.0 0.0 1 z=d3 y=d4 x=fy=d5
c IAEA STD 2017, A. Carlson et al Nucl.Data Sheets 148(2017)
c 143 Standard n_{th} + U-235 PFNS
c https://www-nds.iaea.org/standards/ref-spectra/PFNS-u235nth.txt
si1 a 0.0000E+00 1.0000E-11 1.5000E-11 2.0000E-11 3.5000E-11
      5.0000E-11 7.5000E-11 1.0000E-10 1.5000E-10 2.0000E-10
      3.5000E-10 5.0000E-10 7.5000E-10 1.0000E-09 1.5000E-09
      2.0000E-09 3.5000E-09 5.0000E-09 7.5000E-09 1.0000E-08
      1.5000E-08 2.0000E-08 3.5000E-08 5.0000E-08 7.5000E-08
      1.0000E-07 1.5000E-07 2.0000E-07 3.5000E-07 5.0000E-07
      7.5000E-07 1.0000E-06 1.5000E-06 2.0000E-06 3.5000E-06
      5.0000E-06 7.5000E-06 1.0000E-05 1.5000E-05 2.0000E-05
      3.5000E-05 5.0000E-05 7.5000E-05 1.0000E-04 1.5000E-04
      2.0000E-04 3.5000E-04 5.0000E-04 7.5000E-04 1.0000E-03
      1.5000E-03 2.0000E-03 3.5000E-03 5.0000E-03 7.5000E-03
      1.0000E-02 1.3750E-02 1.7500E-02 2.5000E-02 2.6204E-02
      2.6828E-02 2.7466E-02 2.8120E-02 2.8789E-02 2.9474E-02
      3.0176E-02 3.0894E-02 3.1629E-02 3.2382E-02 3.3152E-02
      3.3941E-02 3.4749E-02 3.5576E-02 3.6423E-02 3.7289E-02
      3.8177E-02 3.9085E-02 4.0016E-02 4.0968E-02 4.1943E-02
      4.2941E-02 4.3963E-02 4.5009E-02 4.6080E-02 4.7177E-02
      4.8300E-02 4.9449E-02 5.0626E-02 5.1831E-02 5.3064E-02
      5.4327E-02 5.5620E-02 5.6944E-02 5.8299E-02 5.9686E-02
      6.1107E-02 6.2561E-02 6.4050E-02 6.5574E-02 6.7135E-02
      6.8732E-02 7.0368E-02 7.2043E-02 7.3757E-02 7.5512E-02
      7.7310E-02 7.9149E-02 8.1033E-02 8.2961E-02 8.4936E-02
      8.6957E-02 8.9027E-02 9.1145E-02 9.3314E-02 9.5535E-02
      9.7809E-02 1.0014E-01 1.0252E-01 1.0496E-01 1.0746E-01
      1.1001E-01 1.1263E-01 1.1531E-01 1.1806E-01 1.2087E-01
      1.2374E-01 1.2669E-01 1.2970E-01 1.3279E-01 1.3595E-01
      1.3919E-01 1.4250E-01 1.4589E-01 1.4936E-01 1.5292E-01
      1.5655E-01 1.6028E-01 1.6409E-01 1.6800E-01 1.7200E-01
      1.7609E-01 1.8028E-01 1.8457E-01 1.8896E-01 1.9346E-01
      1.9807E-01 2.0278E-01 2.0761E-01 2.1255E-01 2.1760E-01
      2.2278E-01 2.2809E-01 2.3351E-01 2.3907E-01 2.4476E-01
      2.5059E-01 2.5655E-01 2.6265E-01 2.6891E-01 2.7530E-01
      2.8186E-01 2.8856E-01 2.9543E-01 3.0246E-01 3.0966E-01
      3.1703E-01 3.2457E-01 3.3230E-01 3.4021E-01 3.4830E-01
      3.5659E-01 3.6508E-01 3.7377E-01 3.8266E-01 3.9177E-01
      4.0109E-01 4.1064E-01 4.2041E-01 4.3041E-01 4.4066E-01
      4.5115E-01 4.6188E-01 4.7287E-01 4.8413E-01 4.9565E-01
      5.0745E-01 5.1952E-01 5.3189E-01 5.4454E-01 5.5750E-01
      5.7077E-01 5.8435E-01 5.9826E-01 6.1250E-01 6.2707E-01
      6.4200E-01 6.5728E-01 6.7292E-01 6.8893E-01 7.0533E-01
      7.2211E-01 7.3930E-01 7.5689E-01 7.7490E-01 7.9335E-01
      8.1223E-01 8.3156E-01 8.5135E-01 8.7161E-01 8.9235E-01
      9.1359E-01 9.3533E-01 9.5759E-01 9.8038E-01 1.0037E+00
      1.0276E+00 1.0520E+00 1.0771E+00 1.1027E+00 1.1290E+00
      1.1558E+00 1.1833E+00 1.2115E+00 1.2403E+00 1.2698E+00
      1.3001E+00 1.3310E+00 1.3627E+00 1.3951E+00 1.4283E+00
      1.4623E+00 1.4971E+00 1.5327E+00 1.5692E+00 1.6066E+00
      1.6448E+00 1.6839E+00 1.7240E+00 1.7650E+00 1.8070E+00
      1.8500E+00 1.8941E+00 1.9391E+00 1.9853E+00 2.0326E+00
      2.0809E+00 2.1304E+00 2.1811E+00 2.2330E+00 2.2862E+00
      2.3406E+00 2.3963E+00 2.4533E+00 2.5117E+00 2.5715E+00
      2.6327E+00 2.6953E+00 2.7595E+00 2.8252E+00 2.8924E+00
      2.9612E+00 3.0317E+00 3.1038E+00 3.1777E+00 3.2533E+00
      3.3308E+00 3.4100E+00 3.4912E+00 3.5743E+00 3.6593E+00
      3.7464E+00 3.8356E+00 3.9269E+00 4.0203E+00 4.1160E+00
      4.2139E+00 4.3142E+00 4.4169E+00 4.5220E+00 4.6296E+00
      4.7398E+00 4.8526E+00 4.9681E+00 5.0863E+00 5.2074E+00
      5.3313E+00 5.4582E+00 5.5881E+00 5.7211E+00 5.8572E+00
      5.9966E+00 6.1393E+00 6.2854E+00 6.4350E+00 6.5881E+00
      6.7449E+00 6.9055E+00 7.0698E+00 7.2380E+00 7.4103E+00
      7.5866E+00 7.7672E+00 7.9520E+00 8.1413E+00 8.3350E+00
      8.5334E+00 8.7365E+00 8.9444E+00 9.1572E+00 9.3752E+00
      9.5983E+00 9.8267E+00 9.9000E+00 1.0100E+01 1.0300E+01
      1.0500E+01 1.0700E+01 1.0900E+01 1.1100E+01 1.1300E+01
      1.1500E+01 1.1700E+01 1.1900E+01 1.2100E+01 1.2300E+01
      1.2500E+01 1.2700E+01 1.2900E+01 1.3100E+01 1.3200E+01
      1.3400E+01 1.3500E+01 1.3700E+01 1.3900E+01 1.4100E+01
      1.4200E+01 1.4400E+01 1.4600E+01 1.4950E+01 1.5300E+01
      1.5650E+01 1.6000E+01 1.6350E+01 1.6700E+01 1.7050E+01
      1.7400E+01 1.7750E+01 1.8100E+01 1.8450E+01 1.8800E+01
      1.9150E+01 1.9500E+01 1.9750E+01 2.0000E+01 2.0250E+01
      2.0500E+01 2.0750E+01 2.1000E+01 2.1250E+01 2.1500E+01
      2.1750E+01 2.2000E+01 2.2250E+01 2.2500E+01 2.2750E+01
      2.3000E+01 2.3250E+01 2.3500E+01 2.3750E+01 2.4000E+01
      2.4250E+01 2.4500E+01 2.4750E+01 2.5000E+01 2.5250E+01
      2.5500E+01 2.5750E+01 2.6000E+01 2.6250E+01 2.6500E+01
      2.6750E+01 2.7000E+01 2.7250E+01 2.7500E+01 2.7750E+01
      2.8000E+01 2.8250E+01 2.8500E+01 2.8750E+01 2.9000E+01
      2.9250E+01 2.9500E+01 2.9750E+01 3.0000E+01
sp1   0.0000E+00 2.1499E-06 2.6331E-06 3.0405E-06 4.0222E-06
      4.8075E-06 5.8880E-06 6.7989E-06 8.3269E-06 9.6151E-06
      1.2719E-05 1.5202E-05 1.8619E-05 2.1499E-05 2.6331E-05
      3.0405E-05 4.0222E-05 4.8075E-05 5.8880E-05 6.7989E-05
      8.3269E-05 9.6151E-05 1.2720E-04 1.5202E-04 1.8619E-04
      2.1499E-04 2.6331E-04 3.0405E-04 4.0222E-04 4.8075E-04
      5.8880E-04 6.7989E-04 8.3269E-04 9.6151E-04 1.2720E-03
      1.5203E-03 1.8619E-03 2.1500E-03 2.6332E-03 3.0405E-03
      4.0222E-03 4.8074E-03 5.8877E-03 6.7984E-03 8.3260E-03
      9.6137E-03 1.2716E-02 1.5197E-02 1.8609E-02 2.1484E-02
      2.6302E-02 3.0360E-02 4.0116E-02 4.7894E-02 5.8547E-02
      6.7476E-02 7.8898E-02 8.8757E-02 1.0548E-01 1.0790E-01
      1.0913E-01 1.1037E-01 1.1163E-01 1.1290E-01 1.1419E-01
      1.1549E-01 1.1680E-01 1.1812E-01 1.1946E-01 1.2081E-01
      1.2218E-01 1.2356E-01 1.2495E-01 1.2636E-01 1.2778E-01
      1.2922E-01 1.3067E-01 1.3213E-01 1.3361E-01 1.3511E-01
      1.3662E-01 1.3814E-01 1.3968E-01 1.4123E-01 1.4280E-01
      1.4438E-01 1.4598E-01 1.4760E-01 1.4922E-01 1.5087E-01
      1.5252E-01 1.5420E-01 1.5589E-01 1.5759E-01 1.5931E-01
      1.6104E-01 1.6279E-01 1.6456E-01 1.6634E-01 1.6814E-01
      1.6995E-01 1.7177E-01 1.7361E-01 1.7547E-01 1.7734E-01
      1.7923E-01 1.8113E-01 1.8304E-01 1.8497E-01 1.8692E-01
      1.8888E-01 1.9086E-01 1.9284E-01 1.9485E-01 1.9687E-01
      1.9890E-01 2.0094E-01 2.0300E-01 2.0507E-01 2.0716E-01
      2.0925E-01 2.1137E-01 2.1349E-01 2.1562E-01 2.1777E-01
      2.1993E-01 2.2210E-01 2.2428E-01 2.2647E-01 2.2868E-01
      2.3089E-01 2.3311E-01 2.3534E-01 2.3758E-01 2.3982E-01
      2.4208E-01 2.4434E-01 2.4661E-01 2.4888E-01 2.5116E-01
      2.5345E-01 2.5573E-01 2.5803E-01 2.6032E-01 2.6262E-01
      2.6491E-01 2.6721E-01 2.6951E-01 2.7180E-01 2.7410E-01
      2.7639E-01 2.7868E-01 2.8096E-01 2.8323E-01 2.8550E-01
      2.8776E-01 2.9001E-01 2.9225E-01 2.9448E-01 2.9670E-01
      2.9890E-01 3.0108E-01 3.0325E-01 3.0540E-01 3.0753E-01
      3.0964E-01 3.1173E-01 3.1379E-01 3.1583E-01 3.1783E-01
      3.1981E-01 3.2176E-01 3.2367E-01 3.2555E-01 3.2739E-01
      3.2920E-01 3.3096E-01 3.3268E-01 3.3435E-01 3.3598E-01
      3.3756E-01 3.3908E-01 3.4056E-01 3.4197E-01 3.4333E-01
      3.4463E-01 3.4586E-01 3.4703E-01 3.4813E-01 3.4917E-01
      3.5012E-01 3.5101E-01 3.5181E-01 3.5253E-01 3.5317E-01
      3.5373E-01 3.5419E-01 3.5457E-01 3.5485E-01 3.5503E-01
      3.5512E-01 3.5510E-01 3.5498E-01 3.5475E-01 3.5441E-01
      3.5396E-01 3.5340E-01 3.5272E-01 3.5192E-01 3.5100E-01
      3.4996E-01 3.4879E-01 3.4749E-01 3.4606E-01 3.4451E-01
      3.4281E-01 3.4099E-01 3.3903E-01 3.3693E-01 3.3469E-01
      3.3231E-01 3.2979E-01 3.2713E-01 3.2433E-01 3.2139E-01
      3.1831E-01 3.1508E-01 3.1172E-01 3.0821E-01 3.0457E-01
      3.0079E-01 2.9687E-01 2.9281E-01 2.8863E-01 2.8432E-01
      2.7987E-01 2.7531E-01 2.7062E-01 2.6582E-01 2.6090E-01
      2.5588E-01 2.5075E-01 2.4552E-01 2.4020E-01 2.3480E-01
      2.2931E-01 2.2374E-01 2.1811E-01 2.1241E-01 2.0666E-01
      2.0087E-01 1.9503E-01 1.8916E-01 1.8327E-01 1.7736E-01
      1.7145E-01 1.6553E-01 1.5963E-01 1.5375E-01 1.4789E-01
      1.4208E-01 1.3630E-01 1.3059E-01 1.2493E-01 1.1935E-01
      1.1384E-01 1.0843E-01 1.0311E-01 9.7892E-02 9.2786E-02
      8.7798E-02 8.2933E-02 7.8199E-02 7.3600E-02 6.9143E-02
      6.4830E-02 6.0667E-02 5.6656E-02 5.2801E-02 4.9104E-02
      4.5566E-02 4.2190E-02 3.8974E-02 3.5919E-02 3.3024E-02
      3.0288E-02 2.7709E-02 2.5285E-02 2.3012E-02 2.0887E-02
      1.8906E-02 1.7065E-02 1.5359E-02 1.3783E-02 1.2332E-02
      1.1000E-02 9.7819E-03 8.6710E-03 7.6616E-03 6.7476E-03
      5.9231E-03 5.1819E-03 4.5181E-03 3.9258E-03 3.3995E-03
      2.9335E-03 2.5226E-03 2.1617E-03 1.8461E-03 1.5765E-03
      1.3425E-03 1.1395E-03 1.0812E-03 9.3669E-04 8.1149E-04
      7.0092E-04 6.0541E-04 5.2292E-04 4.5167E-04 3.9013E-04
      3.3697E-04 2.9105E-04 2.5139E-04 2.1714E-04 1.8755E-04
      1.6199E-04 1.3992E-04 1.2086E-04 1.0439E-04 9.7020E-05
      8.3800E-05 7.7882E-05 6.7270E-05 5.8104E-05 5.0186E-05
      4.6642E-05 4.0287E-05 3.4798E-05 2.6933E-05 2.0839E-05
      1.6129E-05 1.2481E-05 9.6597E-06 7.4747E-06 5.7851E-06
      4.4765E-06 3.4646E-06 2.6809E-06 2.0749E-06 1.6056E-06
      1.2426E-06 9.6156E-07 8.0070E-07 6.6671E-07 5.5517E-07
      4.6226E-07 3.8494E-07 3.2052E-07 2.6690E-07 2.2223E-07
      1.8505E-07 1.5408E-07 1.2831E-07 1.0684E-07 8.8966E-08
      7.4080E-08 6.1687E-08 5.1364E-08 4.2771E-08 3.5614E-08
      2.9656E-08 2.4693E-08 2.0562E-08 1.7121E-08 1.4257E-08
      1.1872E-08 9.8855E-09 8.2313E-09 6.8543E-09 5.7073E-09
      4.7525E-09 3.9573E-09 3.2952E-09 2.7438E-09 2.2848E-09
      1.9024E-09 1.5841E-09 1.3191E-09 1.0984E-09 9.1462E-10
      7.6160E-10 6.3416E-10 5.2807E-10 4.3971E-10
c ------------------ Z coordinate --------------------
si3 H 1.4 1.6
sp3 D 0 1
c ------------------ Y coordinate --------------------
si4 h -51.44 -47.63 -40.64 -35.56 -31.75 -19.69 -15.88 -5.29 5.29 15.88
       19.69 31.75 35.56 40.64 47.63 51.44
sp4 d   0 53.793 243.535 254.008 229.870 955.375 355.189 1091.769 1131.706
        1097.356 359.092 979.833 241.954 273.773 274.671 63.935
c ------------------ Conditional X distributions ----------------------------
ds5 s 6 7 8 9 10 11 12 13 14 15 16 17 18 19 20
si6 h  -52.25 -49.08 -45.92 -39.58 -36.42 -30.08 -14.25 -4.75 4.75 14.25 30.08 
        36.42  39.58  45.92  49.08  52.25
sp6 d 0 0 0 0 0 0 0 17.793 18.278 17.721 0 0 0 0 0 0
si7 h  -52.25 -49.08 -45.92 -39.58 -36.42 -30.08 -14.25 -4.75 4.75 14.25 30.08 
        36.42  39.58  45.92  49.08  52.25
sp7 d 0 0 0 0 0 0 60.748 40.799 41.835 40.733 59.420 0 0 0 0 0
si8 h  -52.25 -49.08 -45.92 -39.58 -36.42 -30.08 -14.25 -4.75 4.75 14.25 30.08 
        36.42  39.58  45.92  49.08  52.25
sp8 d 0 0 0 0 0 18.654 54.619 36.388 37.208 36.272 53.396 17.469 0 0 0 0
si9 h  -52.25 -49.08 -45.92 -39.58 -36.42 -30.08 -14.25 -4.75 4.75 14.25 30.08 
        36.42  39.58  45.92  49.08  52.25
sp9 d 0 0 0 0 7.233 15.938 46.501 30.889 31.540 30.744 45.427 14.981 6.617 0 0 0
si10 h  -52.25 -49.08 -45.92 -39.58 -36.42 -30.08 -14.25 -4.75 4.75 14.25 30.08 
         36.42  39.58  45.92  49.08  52.25
sp10 d 0 0 0 48.659 27.149 59.823 174.568 115.784 117.984 114.868 170.330 56.779
     25.282 44.148 0 0
si11 h  -52.25 -49.08 -45.92 -39.58 -36.42 -30.08 -14.25 -4.75 4.75 14.25 30.08 
         36.42  39.58  45.92  49.08  52.25
sp11 d 0 0 7.551 17.266 9.634 21.257 62.206 41.270 42.001 40.850 60.686 20.392 
     9.138 16.092 6.846 0
si12 h  -52.25 -49.08 -45.92 -39.58 -36.42 -30.08 -14.25 -4.75 4.75 14.25 30.08 
         36.42  39.58  45.92  49.08  52.25
sp12 d 0 20.317 22.254 50.812 28.371 62.696 184.102 122.316 124.408 120.907 
         179.844 60.735 27.334 48.435 20.768 18.470
si13 h  -52.25 -49.08 -45.92 -39.58 -36.42 -30.08 -14.25 -4.75 4.75 14.25 30.08 
         36.42  39.58  45.92  49.08  52.25
sp13 d 0 21.009 22.915 52.226 29.180 64.595 190.393 126.723 128.894 125.175 
         186.340 63.187 28.552 50.871 21.979 19.667
si14 h  -52.25 -49.08 -45.92 -39.58 -36.42 -30.08 -14.25 -4.75 4.75 14.25 30.08 
         36.42  39.58  45.92  49.08  52.25
sp14 d 0 20.411 22.234 50.611 28.264 62.575 184.571 122.939 125.052 121.410
         180.615 61.219 27.662 49.321 21.337 19.135
si15 h  -52.25 -49.08 -45.92 -39.58 -36.42 -30.08 -14.25 -4.75 4.75 14.25 30.08 
         36.42  39.58  45.92  49.08  52.25
sp15 d 0 0 7.585 17.271 9.639 21.315 62.749 41.769 42.493 41.255 61.277 20.687 
         9.326 16.575 7.152 0
si16 h  -52.25 -49.08 -45.92 -39.58 -36.42 -30.08 -14.25 -4.75 4.75 14.25 30.08 
         36.42  39.58  45.92  49.08  52.25
sp16 d 0 0 0 49.684 27.706 61.153 179.302 119.084 121.123 117.549 173.919 58.217
         26.082 46.014 0 0
si17 h  -52.25 -49.08 -45.92 -39.58 -36.42 -30.08 -14.25 -4.75 4.75 14.25 30.08 
         36.42  39.58  45.92  49.08  52.25
sp17 d 0 0 0 0 7.672 16.909 49.360 32.677 33.205 32.185 47.345 15.653 6.949 0 0 
       0
si18 h  -52.25 -49.08 -45.92 -39.58 -36.42 -30.08 -14.25 -4.75 4.75 14.25 30.08 
         36.42  39.58  45.92  49.08  52.25
sp18 d 0 0 0 0 0 20.458 59.685 39.457 40.046 38.753 56.758 18.616 0 0 0 0
si19 h  -52.25 -49.08 -45.92 -39.58 -36.42 -30.08 -14.25 -4.75 4.75 14.25 30.08 
         36.42  39.58  45.92  49.08  52.25
sp19 d 0 0 0 0 0 0 70.220 46.430 46.975 45.209 65.838 0 0 0 0 0
si20 h  -52.25 -49.08 -45.92 -39.58 -36.42 -30.08 -14.25 -4.75 4.75 14.25 30.08 
         36.42  39.58  45.92  49.08  52.25
sp20 d 0 0 0 0 0 0 0 21.522 21.674 20.740 0 0 0 0 0 0
c ----------------------------------------------------------------------------------
c MATERIALS
c ----------------------------------------------------------------------------------
c Material : Acero dulce estructural , mat. ref. no.: 1; rho: -7.835 (g/cm3)
m1 6000.80c 64218e-04
     14028.80c 6.19945e-05
     14029.80c 3.13956e-06
     14030.80c 2.06537e-06
     25055.80c 9.36124e-04
     26054.80c 4.87166e-03
     26056.80c 7.64747e-02
     26057.80c 1.76613e-03
     26058.80c 2.35040e-04
c
c Material : Aluminio estructural, mat. ref. no.: 2; rho: -2.7 (g/cm3)
m2 13027.80c 6.02602e-02
c
c Material : Grafito, mat. ref. no.: 3;  rho: -1.65 (g/cm3)
m3  6000.80c 8.272672e-02
mt3 grph.20t
c
c Material : Combustible, mat. ref. no.: 4;  rho: -3.256 (g/cm3)
m4 13027.80c 5.81209e-02
     92235.80c 1.55526e-03
     92238.80c 1.13691e-04
c
c Material : Aluminio (fuente), mat. ref. no.: 5;  rho: -2.666 (g/cm3)
m5 13027.80c 5.90789e-02
     14028.80c 7.91052e-05
     14029.80c 4.00609e-06
     14030.80c 2.63543e-06
     26054.80c 9.40999e-06
     26056.80c 1.47717e-04
     26057.80c 3.41142e-06
     26058.80c 4.53998e-07
c
c Material : Acero Dulce Planchas, mat. ref. no.: 6;  rho: -7.85 (g/cm3)
m6 26054.80c 4.89979e-03
     26056.80c 7.69162e-02
     26057.80c 1.77633e-03
     26058.80c 2.36397e-04
     25055.80c 6.36750e-04
     6000.80c 9.05230e-04
c
c Material : Acero inoxidable, mat. ref. no.: 7;  rho: -7.917 (g/cm3)
m7 6000.80c 0.00090525 $2.38163e-04 (diferencias con MCNP)
     14028.80c 7.83041e-04
     14029.80c 3.96552e-05
     14030.80c 2.60874e-05
     15031.80c 4.6177e-05 
     16032.80c 2.823e-05
     16033.80c 2.26e-07
     16034.80c 1.2757e-06
     16036.80c 4.69921e-09
     24050.80c 6.68120e-04
     24052.80c 1.28840e-02
     24053.80c 1.46094e-03
     24054.80c 3.63660e-04
     25055.80c 1.36247e-03
     26054.80c 3.34081e-03
     26056.80c 5.24436e-02 
     26057.80c 1.21115e-03
     26058.80c 1.61182e-04
     28058.80c 6.44783e-03
     28060.80c 2.48369e-03
     28061.80c 1.07964e-04
     28062.80c 3.44238e-04
     28064.80c 8.7667e-05
     42092.80c 1.77605e-04
     42094.80c 1.11383e-04
     42095.80c 1.92444e-04
     42096.80c 2.02144e-04
     42097.80c 1.16172e-04
     42098.80c 2.94516e-04
     42100.80c 1.18136e-04
c
c Material : Hormigón , mat. ref. no.: 8;  rho: -2.242 (g/cm3)
m8 1001.80c 1.34886e-02
     1002.80c 1.95613e-06
     8016.80c 4.45331e-02
     8017.80c 1.08412e-04
     11023.80c 9.45504e-04
     13027.80c 1.70130e-03
     14028.80c 1.4967e-2
     14029.80c 7.56669e-04
     14030.80c 4.97779e-04
     19039.80c 6.29869e-04
     19040.80c 8.57763e-08
     19041.80c 4.54560e-05
     20040.80c 1.2402e-3
     20042.80c 8.2772e-06
     20043.80c 1.7271e-06
     20044.80c 2.6687e-05
     20046.80c 5.1173e-08
     20048.80c 2.3923e-06
     26054.80c 1.9965e-05
     26056.80c 3.12778e-04
     26057.80c 7.2234179e-06
     26058.80c 9.61303e-07
c
c Material : 35S Pellet de azufre rho=0.0361182
m101 16032.80c     0.034287
     16033.80c     0.0002745
     16034.80c     0.0015495
     16036.80c     7.2236e-06
c Material : 35S comprimido  rho=0.0341757
m102 16032.80c     0.032443 
     16033.80c     0.00025974 
     16034.80c     0.0014661
     16036.80c     6.8352e-06
c Material for RR
m201 16032.34y  1
c ----------------------------------------------------------------------------------
c TALLYS
c ----------------------------------------------------------------------------------
f4:n   22 23 24 25 26 27 28 29 30 31 32 33 34 $flujo neutronico
fm4:n 1 201 103
f24:n 35 
fm24:n 1 201 103
c $15 detectores 
c ----------------------------------------------------------------------------------
c SIMULATION PARAMETERS
c ----------------------------------------------------------------------------------
NPS 5E+09
NONU $fissions turnoff
